{
  "advancedEditorSelectedIdentifier" : "ShaderGraphEditorPluginID",
  "openSceneRelativePaths" : [
    "Ex21.usda",
    "Ex20.usda",
    "Ex11.usda"
  ],
  "recentIdentifiers" : {
    "A15C6DB6-FEC7-4757-8572-BBEE7E7D3C44" : [

    ]
  },
  "sceneCameraHistory" : {
    "245EC209-D613-4B46-8F79-75F5785E1EA1" : [
      {
        "date" : 762127291.734052,
        "title" : "Untitled",
        "transform" : [
          1,
          0,
          0,
          0,
          0,
          0.7071069,
          -0.70710677,
          0,
          0,
          0.70710677,
          0.7071069,
          0,
          0,
          1.8287902,
          1.8287904,
          1
        ]
      }
    ],
    "4BD258A7-E9E8-4985-840D-99289F326DD5" : [
      {
        "date" : 762714298.267629,
        "title" : "Untitled",
        "transform" : [
          0.825831,
          1.8476833e-09,
          -0.5639177,
          0,
          -0.34786853,
          0.78705865,
          -0.5094372,
          0,
          0.4438363,
          0.6168783,
          0.6499774,
          0,
          1.1478937,
          1.5954322,
          1.6810365,
          1
        ]
      }
    ],
    "A15C6DB6-FEC7-4757-8572-BBEE7E7D3C44" : [
      {
        "date" : 762713873.239021,
        "title" : "Untitled",
        "transform" : [
          0.78310996,
          -6.7529186e-08,
          -0.6218834,
          0,
          -0.49196464,
          0.6117019,
          -0.6195091,
          0,
          0.38040733,
          0.79108834,
          0.4790298,
          0,
          1.2631583,
          2.2128613,
          1.5902973,
          1
        ]
      },
      {
        "date" : 762575392.357012,
        "title" : "Untitled",
        "transform" : [
          0.80083114,
          -8.43407e-08,
          -0.5988903,
          0,
          -0.32431138,
          0.84068745,
          -0.4336666,
          0,
          0.5034796,
          0.5415206,
          0.67324865,
          0,
          1.5890834,
          1.4079959,
          2.1245544,
          1
        ]
      },
      {
        "date" : 762575315.896847,
        "title" : "Untitled",
        "transform" : [
          0.7062681,
          -3.2790666e-08,
          0.7079445,
          0,
          0.7071321,
          0.047893584,
          -0.7054575,
          0,
          -0.033905968,
          0.9988525,
          0.033825815,
          0,
          -0.28924286,
          1.3893467,
          0.3054708,
          1
        ]
      },
      {
        "date" : 762575300.746047,
        "title" : "Untitled",
        "transform" : [
          0.23595905,
          -2.264736e-08,
          0.971763,
          0,
          0.66369015,
          0.73044133,
          -0.1611542,
          0,
          -0.7098159,
          0.68297535,
          0.17235434,
          0,
          -0.864807,
          0.35088575,
          0.2223098,
          1
        ]
      },
      {
        "date" : 762575298.266063,
        "title" : "Untitled",
        "transform" : [
          0.23595898,
          -5.243617e-10,
          0.97176296,
          0,
          0.66369015,
          0.7304414,
          -0.16115418,
          0,
          -0.70981574,
          0.68297535,
          0.1723542,
          0,
          -1.0666165,
          0.98434865,
          0.32299083,
          1
        ]
      },
      {
        "date" : 762574947.082746,
        "title" : "Untitled",
        "transform" : [
          0.997903,
          -3.8151526e-09,
          -0.064726114,
          0,
          -0.0569346,
          0.47567016,
          -0.8777792,
          0,
          0.030788261,
          0.8796237,
          0.47467273,
          0,
          0.3600445,
          2.8752527,
          2.0149918,
          1
        ]
      },
      {
        "date" : 762574908.548949,
        "title" : "Untitled",
        "transform" : [
          0.99962527,
          -5.070281e-09,
          -0.027373727,
          0,
          -0.027357027,
          0.034899566,
          -0.9990163,
          0,
          0.0009553099,
          0.99939084,
          0.034886483,
          0,
          0.2436539,
          3.4798455,
          0.53685254,
          1
        ]
      },
      {
        "date" : 762574902.897502,
        "title" : "Untitled",
        "transform" : [
          0.99284834,
          5.311773e-10,
          -0.11938227,
          0,
          -0.062452797,
          0.85225105,
          -0.51939166,
          0,
          0.101743676,
          0.5231329,
          0.8461561,
          0,
          0.47235975,
          0.85722953,
          3.5456605,
          1
        ]
      },
      {
        "date" : 762574899.987393,
        "title" : "Untitled",
        "transform" : [
          0.99284834,
          -1.4902557e-09,
          -0.11938228,
          0,
          -0.062452797,
          0.85225105,
          -0.51939166,
          0,
          0.10174368,
          0.5231329,
          0.8461561,
          0,
          0.103639156,
          -0.018332276,
          0.7276708,
          1
        ]
      },
      {
        "date" : 762574897.649166,
        "title" : "Untitled",
        "transform" : [
          0.99284834,
          2.1360158e-10,
          -0.119382285,
          0,
          -0.062452804,
          0.85225105,
          -0.51939166,
          0,
          0.10174369,
          0.5231329,
          0.8461561,
          0,
          0.103639275,
          -0.018332481,
          0.72767067,
          1
        ]
      }
    ]
  },
  "sceneViewportBackgroundColors" : {

  },
  "selectedSceneRelativePath" : "Ex11.usda"
}